STAPpp input data for exercise 2.10
    7    1    1    1
    1    1    1    1      0.0    0.0       0.0
    2    0    0    1      3.0    0.0       0.0
    3    0    0    1      6.0    0.0       0.0
    4    0    1    1      9.0    0.0       0.0
    5    0    0    1      3.0    4.0       0.0
    6    0    0    1      6.0    4.0       0.0
    7    0    0    1      0.0    4.0       0.0
    1    3
    2    2   -50.0
    3    2   -50.0
    7    1    50.0
    1   11    1
    1   200.0E6   200.0E-6
    1    1    2    1
    2    2    3    1
    3    3    4    1
    4    7    5    1
    5    5    6    1
    6    1    7    1
    7    2    5    1
    8    3    6    1
    9    1    5    1
   10    5    3    1
   11    6    4    1
   